N <- 6
mu <- 67
sigma <- 4
y <- c(64.5, 72.5, 68.5, 72.5, 70.5, 62) 