k <- 
c(16, 18, 22, 25, 28)
m <- 5
nmax <- 500
