k <- 1
n <- 15
tp1 <- .1
tp2 <- .1
